#mhp  tb  deltab brt-bHp  brHp-taunu  brHp-tb  brHp-cs  brHp-hW  brHp-HW  brHp-AW  brHp-nc  brHp-n1c1  brHp-n2c1  brHp-n3c1  brHp-n4c1  brHp-n1c2  brHp-n2c2  brHp-n3c2  brHp-n4c2  scen
300.00000000  0.10000000 0.03378012  0  0  0  0  0  0  0  0  0  0  0  0  0  0  0  0  lightstau
300.00000000  0.20000000 0.01806188  0  0  0  0  0  0  0  0  0  0  0  0  0  0  0  0  lightstau
300.00000000  0.30000000 0.01334323  0.00000  6.415355E-07  0.996352  2.774406E-05  1.971924E-03  0  0  0  2.154221E-04  0  0  0  0  0  0  0  lightstau
300.00000000  0.40000000 0.01137445  0.00000  2.025515E-06  0.995294  2.771952E-05  2.823279E-03  0  0  0  4.220369E-04  0  0  0  0  0  0  0  lightstau
300.00000000  0.50000000 0.01050558  0.00000  4.940962E-06  0.994401  2.770379E-05  3.432291E-03  0  0  0  7.040083E-04  0  0  0  0  0  0  0  lightstau
300.00000000  0.60000000 0.01018665  0.00000  1.023845E-05  0.993643  2.769814E-05  3.832438E-03  0  1.847221E-11  .001057  1.057678E-03  0  0  0  0  0  0  0  lightstau
300.00000000  0.70000000 0.01018195  0.00000  1.895334E-05  0.992805  2.769914E-05  4.242742E-03  0  2.863935E-10  .001477  1.477627E-03  0  0  0  0  0  0  0  lightstau
300.00000000  0.80000000 0.01037363  0.00000  3.230124E-05  0.991742  2.770576E-05  4.812585E-03  0  1.178620E-09  .001958  1.958310E-03  0  0  0  0  0  0  0  lightstau
300.00000000  0.90000000 0.01069623  0.00000  5.167302E-05  0.990386  2.771950E-05  5.614854E-03  0  2.911243E-09  .002494  2.494555E-03  0  0  0  0  0  0  0  lightstau
300.00000000  1.00000000 0.01111047  0.00000  7.862967E-05  0.988718  2.774370E-05  6.670827E-03  0  5.543165E-09  .003081  3.081524E-03  0  0  0  0  0  0  0  lightstau
300.00000000  1.10000000 0.01159136  0.00000  1.148976E-04  0.986753  2.778298E-05  7.968883E-03  0  8.986479E-09  .003714  3.714628E-03  0  0  0  0  0  0  0  lightstau
300.00000000  1.20000000 0.01212223  0.00000  1.623654E-04  0.984528  2.784303E-05  9.474165E-03  0  1.321221E-08  .004389  4.389520E-03  0  0  0  0  0  0  0  lightstau
300.00000000  1.30000000 0.01269155  0.00000  2.230799E-04  0.982088  2.793011E-05  1.114338E-02  0  1.815989E-08  .005102  5.102147E-03  0  0  0  0  0  0  0  lightstau
300.00000000  1.40000000 0.01329108  0.00000  2.992441E-04  0.979482  2.805097E-05  1.292900E-02  0  2.377555E-08  .005848  5.848832E-03  0  0  0  0  0  0  0  lightstau
300.00000000  1.50000000 0.01391478  0.00000  3.932150E-04  0.976757  2.821268E-05  1.478474E-02  0  3.001366E-08  .006626  6.626325E-03  0  0  0  0  0  0  0  lightstau
300.00000000  1.60000000 0.01455813  0.00000  5.074998E-04  0.973955  2.842251E-05  1.666909E-02  0  3.683671E-08  .007431  7.431812E-03  0  0  0  0  0  0  0  lightstau
300.00000000  1.70000000 0.01521765  0.00000  6.447525E-04  0.971111  2.868790E-05  1.854711E-02  0  4.421403E-08  .008262  8.262886E-03  0  0  0  0  0  0  0  lightstau
300.00000000  1.80000000 0.01589064  0.00000  8.077689E-04  0.968252  2.901640E-05  2.039091E-02  0  5.212032E-08  .009117  9.117504E-03  0  0  0  0  0  0  0  lightstau
300.00000000  1.90000000 0.01657499  0.00000  9.994800E-04  0.965397  2.941569E-05  2.217916E-02  0  6.053444E-08  .009993  9.993921E-03  0  0  0  0  0  0  0  lightstau
300.00000000  2.00000000 0.01726899  0.00000  1.222959E-03  0.962572  2.989393E-05  2.388507E-02  0  6.943905E-08  .010890  1.089076E-02  0  0  0  0  0  0  0  lightstau
300.00000000  2.10000000 0.01797126  0.00000  1.481334E-03  0.959748  3.045791E-05  2.553537E-02  0  7.881543E-08  .011806  1.180626E-02  0  0  0  0  0  0  0  lightstau
300.00000000  2.20000000 0.01868068  0.00000  1.777920E-03  0.956959  3.111655E-05  2.709535E-02  0  8.865072E-08  .012739  1.273952E-02  0  0  0  0  0  0  0  lightstau
300.00000000  2.30000000 0.01939631  0.00000  2.116091E-03  0.954202  3.187796E-05  2.856396E-02  0  9.893080E-08  .013689  1.368937E-02  0  0  0  0  0  0  0  lightstau
300.00000000  2.40000000 0.02011737  0.00000  2.499305E-03  0.951476  3.275043E-05  2.994043E-02  0  1.096420E-07  .014654  1.465472E-02  0  0  0  0  0  0  0  lightstau
300.00000000  2.50000000 0.02084322  0.00000  2.931085E-03  0.948778  3.374236E-05  3.122524E-02  0  1.207706E-07  .015634  1.563447E-02  0  0  0  0  0  0  0  lightstau
300.00000000  2.60000000 0.02157330  0.00000  3.415004E-03  0.946104  3.486222E-05  3.241992E-02  1.172610E-12  1.323025E-07  .016627  1.662754E-02  0  0  0  0  0  0  0  lightstau
300.00000000  2.70000000 0.02230714  0.00000  3.954663E-03  0.943449  3.611851E-05  3.352672E-02  1.202026E-11  1.442229E-07  .017632  1.763278E-02  0  0  0  0  0  0  0  lightstau
300.00000000  2.80000000 0.02304434  0.00000  4.553674E-03  0.940809  3.751972E-05  3.454839E-02  5.463107E-11  1.565163E-07  .018648  1.864899E-02  0  0  0  0  0  0  0  lightstau
300.00000000  2.90000000 0.02378455  0.00000  5.215636E-03  0.938177  3.907431E-05  3.548791E-02  1.656734E-10  1.691661E-07  .019674  1.967493E-02  0  0  0  0  0  0  0  lightstau
300.00000000  3.00000000 0.02452747  0.00000  5.944113E-03  0.935549  4.079060E-05  3.634840E-02  3.942760E-10  1.821547E-07  .020709  2.070928E-02  0  0  0  0  0  0  0  lightstau
300.00000000  3.10000000 0.02527285  0.00000  6.742607E-03  0.932918  4.267676E-05  3.713299E-02  7.985429E-10  1.954631E-07  .021750  2.175062E-02  0  0  0  0  0  0  0  lightstau
300.00000000  3.20000000 0.02602044  0.00000  7.614537E-03  0.930281  4.474075E-05  3.784475E-02  1.441764E-09  2.090712E-07  .022797  2.279747E-02  0  0  0  0  0  0  0  lightstau
300.00000000  3.30000000 0.02677004  0.00000  8.563207E-03  0.927632  4.699022E-05  3.848662E-02  2.388883E-09  2.229576E-07  .023848  2.384828E-02  0  0  0  0  0  0  0  lightstau
300.00000000  3.40000000 0.02752149  0.00000  9.591782E-03  0.924967  4.943251E-05  3.906142E-02  3.703491E-09  2.370993E-07  .024901  2.490139E-02  0  0  0  0  0  0  0  lightstau
300.00000000  3.50000000 0.02827462  0.00000  1.070326E-02  0.922282  5.207450E-05  3.957181E-02  5.445427E-09  2.514722E-07  .025955  2.595507E-02  0  0  0  0  0  0  0  lightstau
300.00000000  3.60000000 0.02902929  0.00000  1.190044E-02  0.919574  5.492263E-05  4.001994E-02  7.664822E-09  2.660509E-07  .027007  2.700755E-02  0  0  0  0  0  0  0  lightstau
300.00000000  3.70000000 0.02978538  0.00000  1.318591E-02  0.916839  5.798277E-05  4.040826E-02  1.040740E-08  2.808085E-07  .028056  2.805694E-02  0  0  0  0  0  0  0  lightstau
300.00000000  3.80000000 0.03054277  0.00000  1.456198E-02  0.914075  6.126014E-05  4.073950E-02  1.371943E-08  2.957169E-07  .029101  2.910131E-02  0  0  0  0  0  0  0  lightstau
300.00000000  3.90000000 0.03130137  0.00000  1.603069E-02  0.911280  6.475932E-05  4.101554E-02  1.763100E-08  3.107468E-07  .030138  3.013867E-02  0  0  0  0  0  0  0  lightstau
300.00000000  4.00000000 0.03206108  0.00000  1.759380E-02  0.908451  6.848413E-05  4.123830E-02  2.216546E-08  3.258679E-07  .031167  3.116700E-02  0  0  0  0  0  0  0  lightstau
300.00000000  4.10000000 0.03282183  0.00000  1.925270E-02  0.905588  7.243762E-05  4.140962E-02  2.733820E-08  3.410491E-07  .032184  3.218425E-02  0  0  0  0  0  0  0  lightstau
300.00000000  4.20000000 0.03358353  0.00000  2.100846E-02  0.902690  7.662197E-05  4.153126E-02  3.315686E-08  3.562582E-07  .033188  3.318832E-02  0  0  0  0  0  0  0  lightstau
300.00000000  4.30000000 0.03434613  0.00000  2.286178E-02  0.899757  8.103846E-05  4.160492E-02  3.962163E-08  3.714626E-07  .034177  3.417713E-02  0  0  0  0  0  0  0  lightstau
300.00000000  4.40000000 0.03510955  0.00000  2.481295E-02  0.896789  8.568746E-05  4.163224E-02  4.672571E-08  3.866289E-07  .035148  3.514858E-02  0  0  0  0  0  0  0  lightstau
300.00000000  4.50000000 0.03587376  0.00000  2.686187E-02  0.893786  9.056836E-05  4.161481E-02  5.445584E-08  4.017236E-07  .036100  3.610062E-02  0  0  0  0  0  0  0  lightstau
300.00000000  4.60000000 0.03663869  0.00000  2.900804E-02  0.890749  9.567956E-05  4.155421E-02  6.279285E-08  4.167131E-07  .037031  3.703118E-02  0  0  0  0  0  0  0  lightstau
300.00000000  4.70000000 0.03740429  0.00000  3.125052E-02  0.887680  1.010185E-04  4.145199E-02  7.171223E-08  4.315636E-07  .037938  3.793829E-02  0  0  0  0  0  0  0  lightstau
300.00000000  4.80000000 0.03817054  0.00000  3.358798E-02  0.884581  1.065815E-04  4.130970E-02  8.118471E-08  4.462417E-07  .038819  3.881999E-02  0  0  0  0  0  0  0  lightstau
300.00000000  4.90000000 0.03893738  0.00000  3.601863E-02  0.881453  1.123640E-04  4.112889E-02  9.117688E-08  4.607145E-07  .039674  3.967443E-02  0  0  0  0  0  0  0  lightstau
300.00000000  5.00000000 0.03970478  0.00000  3.854030E-02  0.878299  1.183604E-04  4.091112E-02  1.016517E-07  4.749496E-07  .040499  4.049982E-02  0  0  0  0  0  0  0  lightstau
300.00000000  5.10000000 0.04047272  0.00000  4.115040E-02  0.875122  1.245641E-04  4.065796E-02  1.125692E-07  4.889158E-07  .041294  4.129448E-02  0  0  0  0  0  0  0  lightstau
300.00000000  5.20000000 0.04124115  0.00000  4.384595E-02  0.871925  1.309678E-04  4.037099E-02  1.238869E-07  5.025825E-07  .042056  4.205684E-02  0  0  0  0  0  0  0  lightstau
300.00000000  5.30000000 0.04201005  0.00000  4.662361E-02  0.868710  1.375629E-04  4.005181E-02  1.355603E-07  5.159208E-07  .042785  4.278544E-02  0  0  0  0  0  0  0  lightstau
300.00000000  5.40000000 0.04277940  0.00000  4.947967E-02  0.865483  1.443404E-04  3.970206E-02  1.475436E-07  5.289030E-07  .043478  4.347895E-02  0  0  0  0  0  0  0  lightstau
300.00000000  5.50000000 0.04354916  0.00000  5.241010E-02  0.862245  1.512903E-04  3.932337E-02  1.597900E-07  5.415029E-07  .044136  4.413621E-02  0  0  0  0  0  0  0  lightstau
300.00000000  5.60000000 0.04431932  0.00000  5.541058E-02  0.859001  1.584019E-04  3.891741E-02  1.722523E-07  5.536965E-07  .044756  4.475615E-02  0  0  0  0  0  0  0  lightstau
300.00000000  5.70000000 0.04508986  0.00000  5.847650E-02  0.855755  1.656640E-04  3.848585E-02  1.848832E-07  5.654611E-07  .045337  4.533791E-02  0  0  0  0  0  0  0  lightstau
300.00000000  5.80000000 0.04586076  0.00000  6.160305E-02  0.852510  1.730647E-04  3.803039E-02  1.976358E-07  5.767766E-07  .045880  4.588075E-02  0  0  0  0  0  0  0  lightstau
300.00000000  5.90000000 0.04663200  0.00000  6.478518E-02  0.849271  1.805919E-04  3.755271E-02  2.104638E-07  5.876244E-07  .046384  4.638408E-02  0  0  0  0  0  0  0  lightstau
300.00000000  6.00000000 0.04740355  0.00000  6.801770E-02  0.846042  1.882328E-04  3.705453E-02  2.233222E-07  5.979887E-07  .046847  4.684751E-02  0  0  0  0  0  0  0  lightstau
300.00000000  6.10000000 0.04817542  0.00000  7.129529E-02  0.842826  1.959745E-04  3.653752E-02  2.361673E-07  6.078553E-07  .047270  4.727077E-02  0  0  0  0  0  0  0  lightstau
300.00000000  6.20000000 0.04894757  0.00000  7.461253E-02  0.839627  2.038040E-04  3.600337E-02  2.489568E-07  6.172129E-07  .047653  4.765376E-02  0  0  0  0  0  0  0  lightstau
300.00000000  6.30000000 0.04972001  0.00000  7.796396E-02  0.836449  2.117079E-04  3.545377E-02  2.616507E-07  6.260518E-07  .047996  4.799654E-02  0  0  0  0  0  0  0  lightstau
300.00000000  6.40000000 0.05049270  0.00000  8.134409E-02  0.833297  2.196732E-04  3.489035E-02  2.742108E-07  6.343652E-07  .048299  4.829930E-02  0  0  0  0  0  0  0  lightstau
300.00000000  6.50000000 0.05126565  0.00000  8.474744E-02  0.830172  2.276865E-04  3.431474E-02  2.866013E-07  6.421479E-07  .048562  4.856239E-02  0  0  0  0  0  0  0  lightstau
300.00000000  6.60000000 0.05203884  0.00000  8.816860E-02  0.827080  2.357349E-04  3.372854E-02  2.987886E-07  6.493974E-07  .048786  4.878629E-02  0  0  0  0  0  0  0  lightstau
300.00000000  6.70000000 0.05281226  0.00000  9.160224E-02  0.824023  2.438056E-04  3.313328E-02  3.107419E-07  6.561129E-07  .048971  4.897160E-02  0  0  0  0  0  0  0  lightstau
300.00000000  6.80000000 0.05358590  0.00000  9.504312E-02  0.821003  2.518861E-04  3.253048E-02  3.224327E-07  6.622960E-07  .049119  4.911905E-02  0  0  0  0  0  0  0  lightstau
300.00000000  6.90000000 0.05435975  0.00000  9.848617E-02  0.818025  2.599642E-04  3.192161E-02  3.338353E-07  6.679497E-07  .049229  4.922947E-02  0  0  0  0  0  0  0  lightstau
300.00000000  7.00000000 0.05513381  0.00000  0.101926  0.815090  2.680281E-04  3.130805E-02  3.449264E-07  6.730793E-07  .049303  4.930379E-02  0  0  0  0  0  0  0  lightstau
300.00000000  7.10000000 0.05590805  0.00000  0.105359  0.812201  2.760666E-04  3.069118E-02  3.556856E-07  6.776915E-07  .049343  4.934304E-02  0  0  0  0  0  0  0  lightstau
300.00000000  7.20000000 0.05668248  0.00000  0.108780  0.809361  2.840689E-04  3.007227E-02  3.660948E-07  6.817947E-07  .049348  4.934832E-02  0  0  0  0  0  0  0  lightstau
300.00000000  7.30000000 0.05745709  0.00000  0.112184  0.806570  2.920247E-04  2.945254E-02  3.761386E-07  6.853986E-07  .049320  4.932079E-02  0  0  0  0  0  0  0  lightstau
300.00000000  7.40000000 0.05823187  0.00000  0.115568  0.803832  2.999244E-04  2.883318E-02  3.858040E-07  6.885144E-07  .049261  4.926168E-02  0  0  0  0  0  0  0  lightstau
300.00000000  7.50000000 0.05900681  0.00000  0.118928  0.801147  3.077589E-04  2.821526E-02  3.950804E-07  6.911541E-07  .049172  4.917227E-02  0  0  0  0  0  0  0  lightstau
300.00000000  7.60000000 0.05978191  0.00000  0.122259  0.798517  3.155196E-04  2.759981E-02  4.039595E-07  6.933312E-07  .049053  4.905387E-02  0  0  0  0  0  0  0  lightstau
300.00000000  7.70000000 0.06055716  0.00000  0.125560  0.795942  3.231988E-04  2.698780E-02  4.124349E-07  6.950596E-07  .048907  4.890782E-02  0  0  0  0  0  0  0  lightstau
300.00000000  7.80000000 0.06133255  0.00000  0.128826  0.793424  3.307892E-04  2.638012E-02  4.205025E-07  6.963543E-07  .048735  4.873549E-02  0  0  0  0  0  0  0  lightstau
300.00000000  7.90000000 0.06210808  0.00000  0.132055  0.790964  3.382842E-04  2.577759E-02  4.281600E-07  6.972307E-07  .048538  4.853824E-02  0  0  0  0  0  0  0  lightstau
300.00000000  8.00000000 0.06288375  0.00000  0.135244  0.788561  3.456777E-04  2.518096E-02  4.354070E-07  6.977049E-07  .048317  4.831747E-02  0  0  0  0  0  0  0  lightstau
300.00000000  8.10000000 0.06365955  0.00000  0.138391  0.786217  3.529645E-04  2.459093E-02  4.422444E-07  6.977932E-07  .048074  4.807453E-02  0  0  0  0  0  0  0  lightstau
300.00000000  8.20000000 0.06443547  0.00000  0.141494  0.783931  3.601397E-04  2.400812E-02  4.486749E-07  6.975123E-07  .047810  4.781079E-02  0  0  0  0  0  0  0  lightstau
300.00000000  8.30000000 0.06521151  0.00000  0.144550  0.781703  3.671990E-04  2.343310E-02  4.547025E-07  6.968790E-07  .047527  4.752761E-02  0  0  0  0  0  0  0  lightstau
300.00000000  8.40000000 0.06598767  0.00000  0.147560  0.779533  3.741389E-04  2.286638E-02  4.603324E-07  6.959102E-07  .047226  4.722629E-02  0  0  0  0  0  0  0  lightstau
300.00000000  8.50000000 0.06676394  0.00000  0.150520  0.777420  3.809561E-04  2.230839E-02  4.655709E-07  6.946228E-07  .046908  4.690815E-02  0  0  0  0  0  0  0  lightstau
300.00000000  8.60000000 0.06754032  0.00000  0.153430  0.775365  3.876481E-04  2.175953E-02  4.704252E-07  6.930335E-07  .046574  4.657444E-02  0  0  0  0  0  0  0  lightstau
300.00000000  8.70000000 0.06831680  0.00000  0.156288  0.773366  3.942128E-04  2.122015E-02  4.749035E-07  6.911589E-07  .046226  4.622641E-02  0  0  0  0  0  0  0  lightstau
300.00000000  8.80000000 0.06909339  0.00000  0.159095  0.771423  4.006483E-04  2.069053E-02  4.790147E-07  6.890155E-07  .045865  4.586524E-02  0  0  0  0  0  0  0  lightstau
300.00000000  8.90000000 0.06987007  0.00000  0.161849  0.769536  4.069536E-04  2.017090E-02  4.827682E-07  6.866193E-07  .045492  4.549209E-02  0  0  0  0  0  0  0  lightstau
300.00000000  9.00000000 0.07064684  0.00000  0.164550  0.767702  4.131277E-04  1.966148E-02  4.861741E-07  6.839861E-07  .045108  4.510808E-02  0  0  0  0  0  0  0  lightstau
300.00000000  9.10000000 0.07142371  0.00000  0.167198  0.765922  4.191703E-04  1.916242E-02  4.892428E-07  6.811313E-07  .044714  4.471427E-02  0  0  0  0  0  0  0  lightstau
300.00000000  9.20000000 0.07220066  0.00000  0.169793  0.764194  4.250810E-04  1.867384E-02  4.919853E-07  6.780697E-07  .044311  4.431169E-02  0  0  0  0  0  0  0  lightstau
300.00000000  9.30000000 0.07297770  0.00000  0.172334  0.762518  4.308603E-04  1.819581E-02  4.944124E-07  6.748160E-07  .043901  4.390132E-02  0  0  0  0  0  0  0  lightstau
300.00000000  9.40000000 0.07375482  0.00000  0.174822  0.760891  4.365085E-04  1.772840E-02  4.965355E-07  6.713842E-07  .043484  4.348409E-02  0  0  0  0  0  0  0  lightstau
300.00000000  9.50000000 0.07453202  0.00000  0.177257  0.759313  4.420264E-04  1.727161E-02  4.983659E-07  6.677877E-07  .043060  4.306089E-02  0  0  0  0  0  0  0  lightstau
300.00000000  9.60000000 0.07530930  0.00000  0.179639  0.757783  4.474151E-04  1.682545E-02  4.999151E-07  6.640397E-07  .042632  4.263258E-02  0  0  0  0  0  0  0  lightstau
300.00000000  9.70000000 0.07608665  0.00000  0.181969  0.756300  4.526757E-04  1.638987E-02  5.011946E-07  6.601526E-07  .042199  4.219993E-02  0  0  0  0  0  0  0  lightstau
300.00000000  9.80000000 0.07686408  0.00000  0.184247  0.754861  4.578097E-04  1.596483E-02  5.022155E-07  6.561386E-07  .041763  4.176371E-02  0  0  0  0  0  0  0  lightstau
300.00000000  9.90000000 0.07764158  0.00000  0.186474  0.753467  4.628187E-04  1.555024E-02  5.029894E-07  6.520089E-07  .041324  4.132463E-02  0  0  0  0  0  0  0  lightstau
300.00000000  10.00000000 0.07841914  0.00000  0.188651  0.752116  4.677044E-04  1.514601E-02  5.035272E-07  6.477747E-07  .040883  4.088335E-02  0  0  0  0  0  0  0  lightstau
300.00000000  10.10000000 0.07919677  0.00000  0.190778  0.750806  4.724688E-04  1.475202E-02  5.038401E-07  6.434464E-07  .040440  4.044050E-02  0  0  0  0  0  0  0  lightstau
300.00000000  10.20000000 0.07997447  0.00000  0.192856  0.749536  4.771138E-04  1.436816E-02  5.039386E-07  6.390338E-07  .039996  3.999668E-02  0  0  0  0  0  0  0  lightstau
300.00000000  10.30000000 0.08075223  0.00000  0.194887  0.748305  4.816416E-04  1.399427E-02  5.038335E-07  6.345465E-07  .039552  3.955241E-02  0  0  0  0  0  0  0  lightstau
300.00000000  10.40000000 0.08153005  0.00000  0.196870  0.747113  4.860543E-04  1.363021E-02  5.035350E-07  6.299933E-07  .039108  3.910822E-02  0  0  0  0  0  0  0  lightstau
300.00000000  10.50000000 0.08230793  0.00000  0.198806  0.745956  4.903543E-04  1.327582E-02  5.030531E-07  6.253827E-07  .038664  3.866458E-02  0  0  0  0  0  0  0  lightstau
300.00000000  10.60000000 0.08308587  0.00000  0.200698  0.744835  4.945439E-04  1.293093E-02  5.023977E-07  6.207227E-07  .038221  3.822193E-02  0  0  0  0  0  0  0  lightstau
300.00000000  10.70000000 0.08386386  0.00000  0.202545  0.743748  4.986254E-04  1.259535E-02  5.015781E-07  6.160208E-07  .037780  3.778068E-02  0  0  0  0  0  0  0  lightstau
300.00000000  10.80000000 0.08464191  0.00000  0.204348  0.742695  5.026012E-04  1.226891E-02  5.006036E-07  6.112840E-07  .037341  3.734120E-02  0  0  0  0  0  0  0  lightstau
300.00000000  10.90000000 0.08542001  0.00000  0.206109  0.741672  5.064738E-04  1.195143E-02  4.994831E-07  6.065191E-07  .036903  3.690385E-02  0  0  0  0  0  0  0  lightstau
300.00000000  11.00000000 0.08619816  0.00000  0.207829  0.740681  5.102457E-04  1.164270E-02  4.982251E-07  6.017323E-07  .036468  3.646892E-02  0  0  0  0  0  0  0  lightstau
300.00000000  11.10000000 0.08697636  0.00000  0.209508  0.739719  5.139192E-04  1.134253E-02  4.968378E-07  5.969295E-07  .036036  3.603673E-02  0  0  0  0  0  0  0  lightstau
300.00000000  11.20000000 0.08775461  0.00000  0.211148  0.738786  5.174969E-04  1.105074E-02  4.953293E-07  5.921161E-07  .035607  3.560753E-02  0  0  0  0  0  0  0  lightstau
300.00000000  11.30000000 0.08853291  0.00000  0.212749  0.737881  5.209811E-04  1.076712E-02  4.937071E-07  5.872972E-07  .035181  3.518157E-02  0  0  0  0  0  0  0  lightstau
300.00000000  11.40000000 0.08931125  0.00000  0.214312  0.737002  5.243743E-04  1.049147E-02  4.919786E-07  5.824777E-07  .034759  3.475906E-02  0  0  0  0  0  0  0  lightstau
300.00000000  11.50000000 0.09008964  0.00000  0.215839  0.736148  5.276790E-04  1.022361E-02  4.901509E-07  5.776619E-07  .034340  3.434020E-02  0  0  0  0  0  0  0  lightstau
300.00000000  11.60000000 0.09086808  0.00000  0.217331  0.735319  5.308974E-04  9.963319E-03  4.882306E-07  5.728540E-07  .033925  3.392517E-02  0  0  0  0  0  0  0  lightstau
